{
    "mtx": {
        "type_id": "opencv-matrix",
        "rows": 3,
        "cols": 3,
        "dt": "d",
        "data": [ 1.5276423292161198e+03, 0., 9.8965048478830113e+02, 0.,
            1.5306134183953875e+03, 5.1573887302087746e+02, 0., 0., 1. ]
    },
    "dist": {
        "type_id": "opencv-matrix",
        "rows": 1,
        "cols": 5,
        "dt": "d",
        "data": [ -9.3829083555623027e-02, 1.4056175756129985e-01,
            -3.2038374566707574e-03, 2.0258753880512724e-03,
            -6.3760938851196269e-02 ]
    }
}
