{
    "mtx": {
        "type_id": "opencv-matrix",
        "rows": 3,
        "cols": 3,
        "dt": "d",
        "data": [ 1.8160071067160759e+03, 0., 9.7924251925071223e+02, 0.,
            1.8171576975589703e+03, 5.4329404729604028e+02, 0., 0., 1. ]
    },
    "dist": {
        "type_id": "opencv-matrix",
        "rows": 1,
        "cols": 5,
        "dt": "d",
        "data": [ -1.5008055005687568e-02, 2.5046148142662239e-01,
            -1.9434679675839393e-03, 1.2874203241149686e-03,
            -1.9689553615645908e-01 ]
    }
}
