{
    "cam_mtx": {
        "type_id": "opencv-matrix",
        "rows": 3,
        "cols": 3,
        "dt": "d",
        "data": [ 1.5276423292161198e+03, 0., 9.8965048478830113e+02, 0.,
            1.5306134183953875e+03, 5.1573887302087746e+02, 0., 0., 1. ]
    },
    "cam_diff": {
        "type_id": "opencv-matrix",
        "rows": 1,
        "cols": 5,
        "dt": "d",
        "data": [ -9.3829083555623027e-02, 1.4056175756129985e-01,
            -3.2038374566707574e-03, 2.0258753880512724e-03,
            -6.3760938851196269e-02 ]
    },
    "cam_r": {
        "type_id": "opencv-matrix",
        "rows": 3,
        "cols": 3,
        "dt": "d",
        "data": [ 5.1798946651610778e-01, 8.5217678255874141e-01,
            7.4038124275198458e-02, 7.0167466291632286e-01,
            -3.7380887132332763e-01, -6.0656376016148938e-01,
            -4.8922344588094185e-01, 3.6614431442781092e-01,
            -7.9157991448278020e-01 ]
    },
    "cam_t": {
        "type_id": "opencv-matrix",
        "rows": 3,
        "cols": 1,
        "dt": "d",
        "data": [ -1.6101969367171420e-01, -7.2674305230348664e-03,
            2.3680608811989119e+00 ]
    }
}
