{
    "cam_mtx": {
        "type_id": "opencv-matrix",
        "rows": 3,
        "cols": 3,
        "dt": "d",
        "data": [ 1.5276423292161198e+03, 0., 9.8965048478830113e+02, 0.,
            1.5306134183953875e+03, 5.1573887302087746e+02, 0., 0., 1. ]
    },
    "cam_diff": {
        "type_id": "opencv-matrix",
        "rows": 1,
        "cols": 5,
        "dt": "d",
        "data": [ -9.3829083555623027e-02, 1.4056175756129985e-01,
            -3.2038374566707574e-03, 2.0258753880512724e-03,
            -6.3760938851196269e-02 ]
    },
    "cam_r": {
        "type_id": "opencv-matrix",
        "rows": 3,
        "cols": 3,
        "dt": "d",
        "data": [ 4.7478671758592050e-01, 8.7822605560828604e-01,
            5.7415747445269338e-02, 7.0034814830155534e-01,
            -3.3750210869748920e-01, -6.2897122175448616e-01,
            -5.3300097933734614e-01, 3.3883819423946282e-01,
            -7.7530551020224925e-01 ]
    },
    "cam_t": {
        "type_id": "opencv-matrix",
        "rows": 3,
        "cols": 1,
        "dt": "d",
        "data": [ -7.5302591618782680e-02, 5.2430106533985402e-02,
            2.3918455881876874e+00 ]
    }
}
