{
    "cam_mtx": {
        "type_id": "opencv-matrix",
        "rows": 3,
        "cols": 3,
        "dt": "d",
        "data": [ 1.8160071067160759e+03, 0., 9.7924251925071223e+02, 0.,
            1.8171576975589703e+03, 5.4329404729604028e+02, 0., 0., 1. ]
    },
    "cam_diff": {
        "type_id": "opencv-matrix",
        "rows": 1,
        "cols": 5,
        "dt": "d",
        "data": [ -1.5008055005687568e-02, 2.5046148142662239e-01,
            -1.9434679675839393e-03, 1.2874203241149686e-03,
            -1.9689553615645908e-01 ]
    }
,    "cam_r": {
        "type_id": "opencv-matrix",
        "rows": 3,
        "cols": 3,
        "dt": "d",
        "data": [ 5.7973494582329033e-01, 8.1388249686924441e-01,
            -3.8764337749420619e-02, 5.9107793221845539e-01,
            -4.5282258602435932e-01, -6.6751672910165105e-01,
            -5.6083354984845712e-01, 3.6407003018114037e-01,
            -7.4358506069466079e-01 ]
    },
    "cam_t": {
        "type_id": "opencv-matrix",
        "rows": 3,
        "cols": 1,
        "dt": "d",
        "data": [ -4.1844369979025936e-02, 2.9902701326950876e-01,
            2.8056929546864176e+00 ]
    }
}
